1005637
1022877
1043691
1043709
1043746
1044560
1058049
1059404
1059468
1059473
1060005
1060144
1061164
1061469
1061551
1061622
1061800
1064776
1065425
1066629
1066968
1067083
1067116
1067155
1067185
1067250
1067277
1069683
1070117
1070123
1070293
1070298
1070417
1070594
1071334
1071394
1071786
1071824
1072064
1072286
1072708
1073573
1073634
1080048
1080061
1080543
1090155
1104653
1105110
1105259
1105264
1105994
1107896
1108353
1110944
1114243
1115939
1115945
1116572
1116580
1116589
1120235
1120243
1121566
1125701
1126495
1126513
1126666
1126667
1127476
1128267
1128300
1128464
1128832
1129582
1129950
1130028
1130617
1131409
1131514
1131519
1131520
1131539
1132575
1132613
1133123
1133774
1133846
1133848
1133915
1133920
1133975
1134102
1134337
1134348
1135847
1136789
1136958
1137230
1137264
1137269
1137272
1137277
1138092
1138095
1138289
1138464
1138469
1140490
1140496
1140533
1140582
1141647
1141769
1142240
1143629
1144228
1144976
1145033
1145087
1145095
1145112
1145116
1147204
1147209
1147237
1149215
1150679
1152057
1152058
1152060
1152639
1152767
1153643
1153651
1154252
1154828
1154874
1154877
1156352
1156398
1157033
1157045
1157047
1157496
1157513
1157996
1158069
1159658
1159681
1159693
1159714
1159717
1159772
1159773
1159820
1159876
1159878
1159880
1159904
1159966
1159970
1160059
1160062
1160065
1160079
1160080
1160082
1160108
1160232
1160326
1160352
1160377
1160389
1160393
1160397
1160416
1160428
1160448
1160516
1160517
1160523
1160543
1161227
1161637
1161716
1161733
1161768
1161776
1161811
1161822
1161859
1162085
1162087
1162105
1162356
1162516
1162705
1162767
1162791
1162933
1163044
1163051
1163068
1163106
1163178
1163216
1163240
1163349
1163426
1163442
1163462
1163468
1163482
1163495
1163506
1163516
1163539
1163548
1163564
1163597
1163619
1163633
1163655
1163666
1163681
1163718
1163720
1163722
1163738
1163740
1163753
1163770
1163783
1163819
1163841
1163862
1163940
1163958
1164002
1164004
1164007
1164020
1164092
1164106
1164107
1164108
1164158
1164376
1164379
1164407
1164475
1164501
1164894
1164895
1164914
1164917
1168898
1168908
1170032
1170143
1170346
1170349
1172703
1173379
1174911
1174916
1174977
1174980
1175075
1175865
1176217
1178513
1178526
1178533
1178551
1179184
1180203
1180208
1181060
1181212
1181223
1181245
1181253
1181260
1181270
1181290
1181302
1181309
1181314
1181317
1181326
1181331
1181332
1181340
1181343
1182069
1182071
1182328
1183444
1183718
1183719
1183720
1183721
1183722
1183723
1183724
1183730
1183731
1184437
1184850
1184893
1184894
1184896
1184898
1184899
1185307
1185410
1186316
1186319
1186656
1186667
1186677
1187796
1187797
1187799
1188165
1188476
1189111
1189288
1190214
1190221
1190229
1192711
1195261
1195264
1195267
1195268
1195269
1195271
1195275
1195276
1195277
1195590
1195683
1196116
1197032
1198082
1198546
1198552
1198554
1198578
1198579
1198763
1199248
1199273
1199289
1200001
1200317
1200877
1201202
1201628
1201829
1202644
1203164
1203165
1203982
1203985
1203986
1204582
1204622
1204626
1204627
1206826
1207576
1207583
1207674
1207738
1207906
1207999
1208015
1208088
1208089
1208090
1208319
1208719
1208903
1208905
1208906
1210152
1210159
1210274
1211265
1211369
1212489
1214181
1214363
1214364
1214371
1214375
1214506
1215301
1215302
1215305
1215306
1223247
1223306
1224056
1224664
1224665
1224668
1224859
1225516
1226149
1226160
1229340
1230590
1233076
1233077
1233636
1233639
1233643
1233645
1235576
1238267
1239101
1239261
1239277
1239459
1239477
1239480
1239502
1239506
1239556
1239570
1239587
1239596
1239614
1240413
1240549
1240679
1242034
1242041
1242058
1242063
1242064
1244767
1245953
1246028
1246354
1251306
1251550
1252123
1252175
1252244
1252568
1253206
1253995
1255666
1256477
1256487
1256494
1256495
1256668
1256670
1256698
1256709
1256769
1256785
1256789
1256799
1256803
1256805
1256806
1256818
1258164
1258331
1258333
1258856
1258858
1258883
1259302
1262055
1262090
1262117
1262317
1262318
1262334
1262350
1262426
1262464
1262474
1262518
1262540
1262550
1262562
1262572
1262666
1262684
1262688
1262690
1262691
1262692
1262718
1262782
1262808
1262938
1262949
1262993
1262997
1263004
1263018
1263020
1263064
1263065
1263066
1263076
1263135
1267645
1273996
1274002
1274787
1275542
1278702
1278951
1278952
1278958
1278961
1278963
1278974
1283865
1283866
1283867
1283870
1283877
1286529
1287650
1287662
1288147
1288158
1288474
1288496
1288500
1288506
1288533
1291137
1291494
1291496
1291505
1291521
1291529
1291534
1295480
1304608
1306295
1309614
1309711
1309720
1309721
1309726
1309740
1309741
1309742
1309753
1309754
1309912
1311740
1311751
1311755
1311770
1311775
1312342
1312712
1312715
1312793
1313037
1313038
1316032
1318154
1318156
1318175
1318269
1322332
1323466
1323573
1323707
1323710
1323712
1323713
1323716
1323734
1324360
1324365
1324740
1325728
1329923
1330068
1333897
1333898
1333901
1333902
1333903
1333904
1333905
1340630
1340632
1340690
1340714
1342289
1342320
1344230
1344234
1357047
1363916
1363924
1363926
1363938
1363941
1363950
1363953
1363998
1364008
1364016
1364021
1364029
1365820
1373436
1374605
1374607
1374636
1374738
1375414
1375416
1376655
1381091
1385335
1389037
1389863
1394903
1394907
1397563
1403321
1403323
1403324
1403332
1413584
1413947
1414292
1414293
1414319
1414349
1414351
1414354
1414357
1414390
1414420
1414423
1414424
1414439
1414448
1414516
1414548
1414565
1414598
1414619
1414647
1414656
1414682
1414715
1414728
1414733
1414741
1414778
1414840
1414844
1414848
1414873
1414969
1415009
1415023
1415029
1415043
1415044
1415092
1415130
1415201
1415218
1415282
1415286
1415307
1415309
1415310
1415311
1415312
1415313
1415314
1415315
1415316
1415317
1415321
1415322
1415434
1415468
1415488
1415493
1420147
1420214
1420216
1420218
1420220
1420246
1420254
1420256
1420262
1420297
1420376
1427003
1427006
1427043
1427052
1427191
1427194
1427196
1427199
1427214
1427220
1427827
1429233
1429249
1429302
1429308
1429326
1429335
1429342
1429353
1429354
1429357
1429367
1429369
1429384
1429397
1429412
1437597
1460193
1460194
1460206
1467601
1467603
1467607
1467616
1467621
1467701
1467765
1467793
1469220
1469221
1469291
1469315
1469317
1469318
1469319
1469321
1469327
1469472
1471610
1472726
1472741
1472748
1478641
1478652
1478665
1478676
1478686
1478688
1479363
1479378
1479473
1516370
1529299
1529305
1537290
1580210
1584422
1584490
1584493
1584640
1599567
1599581
1599610
1599619
1601423
1601426
1601428
1601449
1601451
1618825
1622028
1622390
1622404
1622416
1622465
1622493
1622530
1622591
1622652
1622755
1622835
1622837
1622847
1622966
1622976
1622977
1623025
1623117
1623172
1623305
1623388
1623396
1623404
1623421
1623432
1623485
1623512
1623542
1623614
1623695
1623787
1623896
1623949
1623954
1623984
1624133
1624155
1624201
1624216
1624220
1624264
1624299
1624436
1624470
1624573
1624657
1624660
1624704
1624725
1624882
1624987
1625004
1625171
1625284
1626792
1626931
1627218
1627240
1630819
1635338
1635341
1640351
1640359
1640362
1653916
1663898
1663901
1663904
1663912
1671798
1673364
1673367
1673392
1674707
1686778
1686801
1698788
1699131
1126672
